1,0.317725,-0.017881,-0.296454,-0.193029,0.505183,-0.163329,-0.163329
0.317725,1,-0.01574,-0.274809,-0.020512,0.430876,-0.15209,-0.15209
-0.017881,-0.01574,1,0.720212,0.665117,0.1081,0.522648,0.522648
-0.296454,-0.274809,0.720212,1,0.78794,-0.270077,0.716581,0.716581
-0.193029,-0.020512,0.665117,0.78794,1,-0.093266,0.547859,0.547859
0.505183,0.430876,0.1081,-0.270077,-0.093266,1,-0.206972,-0.206972
-0.163329,-0.15209,0.522648,0.716581,0.547859,-0.206972,1,-0.093266
-0.163329,-0.15209,0.522648,0.716581,0.547859,-0.206972,-0.093266,1
