S&P 500
Dow 30
NASDAQ
Gold
EUR/USD
10-Yr Bond
Bitcoin
[ 1.0000, 0.9857, 0.9727, 0.0684, 0.0278, 0.0224, 0.0314
  0.9857, 1.0000, 0.9472, 0.0637, 0.0204, 0.0229, 0.0239
  0.9727, 0.9472, 1.0000, 0.0544, 0.0228, 0.0346, 0.0300
  0.0684, 0.0637, 0.0544, 1.0000,-0.0034,-0.0984,-0.0229
  0.0278, 0.0204, 0.0228,-0.0034, 1.0000, 0.0483,-0.0156
  0.0224, 0.0229, 0.0346,-0.0984, 0.0483, 1.0000,-0.0356
  0.0314, 0.0239, 0.0300,-0.0229,-0.0156,-0.0356, 1.0000]
